  1  1  1 7.05 0.05 2.08 2.55 2.07
  2  1  2 7.05 0.05 2.31 3.10 2.27
  3  1  3 7.00 0.00 5.08 2.00 2.33
  4  1  4 8.14 0.00 2.54 2.30 1.27
  5  1  5 8.10 0.05 5.62 2.85 1.33
  6  1  6 7.33 0.16 2.23 3.05 2.07
  7  1  7 8.52 0.05 5.54 3.20 1.07
  8  1  8 3.81 0.11 2.08 1.55 2.20
  9  1  9 6.95 0.26 2.31 2.30 2.13
 10  1 10 6.67 0.37 2.54 2.50 1.53
 11  1 11 7.33 0.11 2.23 2.65 1.80
 12  1 12 6.95 0.21 1.62 3.00 1.47
 13  1 13 7.16 0.05 5.50 4.07 2.63
 14  1 14 7.05 0.16 2.00 5.25 2.00
 15  1 15 6.11 0.05 2.00 4.04 1.90
 16  1 16 7.47 0.10 2.50 5.04 1.37
 17  2  1 2.10 0.00 2.92 1.05 4.73
 18  2  2 3.05 0.00 3.62 1.35 3.73
 19  2  3 6.05 0.16 5.77 2.45 2.33
 20  2  4 2.00 0.00 5.46 1.25 4.07
 21  2  5 1.33 0.00 5.85 1.15 3.20
 22  2  6 1.48 0.00 1.62 1.55 3.07
 23  2  7 2.52 0.95 2.62 2.10 1.27
 24  2  8 1.67 0.00 2.62 1.25 3.20
 25  2  9 1.86 0.00 2.92 1.20 2.13
 26  2 10 1.62 0.00 2.62 1.80 4.40
 27  2 11 2.48 0.84 2.62 1.70 1.60
 28  2 12 3.57 1.00 4.31 2.15 2.00
 29  2 13 1.90 0.00 1.50 1.64 3.16
 30  2 14 2.74 0.84 1.50 1.86 3.05
 31  2 15 2.74 1.00 1.50 1.39 3.58
 32  2 16 2.26 0.37 1.50 1.32 1.74
 33  3  1 5.10 0.11 2.62 2.55 1.53
 34  3  2 5.76 0.05 2.92 4.65 2.07
 35  3  3 5.24 0.05 4.23 3.10 1.60
 36  3  4 5.76 0.05 5.54 3.05 2.67
 37  3  5 5.14 0.05 2.38 2.90 1.93
 38  3  6 5.48 0.16 2.08 3.90 1.60
 39  3  7 6.67 0.05 1.92 4.10 1.73
 40  3  8 6.38 0.11 3.15 5.10 1.87
 41  3  9 6.57 0.11 3.31 3.30 1.73
 42  3 10 5.52 0.05 6.69 2.85 1.47
 43  3 11 5.52 0.00 5.69 3.10 1.20
 44  3 12 5.48 0.05 6.15 3.05 1.47
 45  3 13 5.63 0.00 2.00 4.61 2.10
 46  3 14 6.47 0.00 1.50 4.93 2.37
 47  3 15 5.37 0.00 3.00 3.21 1.32
 48  3 16 5.58 0.00 2.50 4.39 2.21
 49  4  1 4.62 0.00 5.69 3.15 1.53
 50  4  2 2.14 0.05 2.00 2.05 2.93
 51  4  3 5.43 0.05 3.31 3.20 1.40
 52  4  4 5.19 0.11 2.92 4.50 1.87
 53  4  5 4.95 0.11 7.77 3.15 1.40
 54  4  6 4.05 0.00 4.77 3.10 2.40
 55  4  7 7.90 0.00 2.69 3.65 1.47
 56  4  8 3.48 0.11 4.38 2.70 1.87
 57  4  9 3.14 0.05 1.85 3.40 2.53
 58  4 10 3.62 0.11 1.46 2.30 2.27
 59  4 11 3.57 0.05 4.15 1.55 1.93
 60  4 12 4.43 0.00 3.77 2.40 2.00
 61  4 13 5.11 0.10 3.00 3.36 2.00
 62  4 14 3.32 0.05 4.00 2.57 2.05
 63  4 15 5.11 0.10 4.00 3.39 2.00
 64  4 16 2.10 0.00 3.50 1.71 1.68
 65  5  1 6.90 0.00 2.38 5.30 1.40
 66  5  2 5.67 0.05 2.77 3.30 1.60
 67  5  3 5.90 0.11 2.62 3.75 2.27
 68  5  4 5.95 0.00 2.62 3.50 1.87
 69  5  5 5.81 0.00 2.85 3.30 1.67
 70  5  6 5.52 0.00 2.54 3.70 1.73
 71  5  7 5.90 0.05 2.77 3.90 1.73
 72  5  8 5.90 0.00 2.92 3.90 1.67
 73  5  9 6.52 0.00 1.85 5.30 2.33
 74  5 10 5.81 0.05 1.92 4.40 1.73
 75  5 11 6.24 0.05 2.15 4.15 1.73
 76  5 12 6.14 0.11 2.54 3.65 2.27
 77  5 13 6.42 0.00 2.00 4.82 1.79
 78  5 14 5.63 0.05 1.50 4.50 1.47
 79  5 15 6.05 0.00 1.50 5.04 1.53
 80  5 16 5.11 0.05 3.00 4.43 2.53
 81  6  1 1.90 0.00 2.54 3.05 7.60
 82  6  2 1.24 0.00 1.23 3.95 8.33
 83  6  3 1.43 0.00 1.31 3.50 7.20
 84  6  4 1.05 0.05 1.31 4.15 8.33
 85  6  5 5.71 0.00 4.62 5.40 8.20
 86  6  6 2.24 0.00 1.31 5.10 8.73
 87  6  7 2.38 0.00 1.54 4.85 7.47
 88  6  8 1.38 0.00 1.46 4.80 9.00
 89  6  9 1.00 0.00 4.77 3.85 8.87
 90  6 10 1.24 0.00 2.23 3.90 8.20
 91  6 11 1.05 0.00 1.54 3.05 8.27
 92  6 12 1.05 0.00 3.38 3.90 8.87
 93  6 13 1.26 0.05 1.50 2.64 5.79
 94  6 14 1.16 0.00 1.50 1.89 8.89
 95  6 15 1.68 0.05 1.50 2.89 6.89
 96  6 16 1.05 0.05 1.50 2.07 8.11
 97  7  1 5.62 0.11 6.23 5.25 1.73
 98  7  2 5.19 0.00 2.92 5.60 2.53
 99  7  3 6.57 0.05 8.69 5.75 2.67
100  7  4 5.62 0.16 2.77 5.85 2.67
101  7  5 5.86 0.05 3.62 5.55 2.67
102  7  6 4.33 0.05 3.54 4.45 2.60
103  7  7 6.10 0.00 7.77 8.20 1.80
104  7  8 4.62 0.00 4.08 8.25 4.40
105  7  9 5.00 0.05 8.31 6.40 3.87
106  7 10 3.90 0.00 8.15 6.00 3.33
107  7 11 5.10 0.00 3.69 8.75 3.33
108  7 12 6.10 0.00 3.00 5.40 3.27
109  7 13 6.84 0.05 3.50 5.79 1.63
110  7 14 4.05 0.00 3.50 5.00 3.32
111  7 15 4.68 0.00 3.00 8.96 3.05
112  7 16 6.95 0.00 1.50 6.25 2.21
113  8  1 3.57 0.05 5.92 2.10 2.00
114  8  2 5.43 0.11 8.69 3.90 1.87
115  8  3 7.67 0.00 6.08 4.75 1.93
116  8  4 7.14 0.00 7.15 4.35 2.20
117  8  5 3.76 0.00 7.62 3.75 2.40
118  8  6 5.71 0.00 8.69 5.95 2.93
119  8  7 5.67 0.11 8.08 3.05 1.73
120  8  8 5.95 0.11 8.00 3.55 1.67
121  8  9 6.48 0.05 4.77 3.55 1.60
122  8 10 5.71 0.16 7.77 4.50 1.87
123  8 11 6.19 0.74 8.69 2.40 1.33
124  8 12 6.95 0.16 8.15 4.35 1.47
125  8 13 4.47 0.37 8.50 3.39 2.16
126  8 14 4.68 0.00 7.50 2.64 1.90
127  8 15 5.95 0.05 8.50 4.50 1.84
128  8 16 4.37 0.00 8.00 3.36 2.32
129  9  1 2.95 0.95 1.77 1.35 1.47
130  9  2 2.81 0.89 1.69 1.80 1.20
131  9  3 2.57 0.89 1.54 1.30 1.60
132  9  4 2.76 1.00 2.23 1.20 1.33
133  9  5 2.33 1.00 8.23 1.20 1.40
134  9  6 2.67 1.00 2.23 1.45 1.60
135  9  7 3.48 0.79 2.85 1.70 1.60
136  9  8 2.71 1.00 2.62 1.20 1.40
137  9  9 2.33 1.00 1.54 1.20 1.60
138  9 10 4.10 1.00 5.46 1.85 1.47
139  9 11 3.24 0.89 1.62 1.20 2.00
140  9 12 3.95 0.11 1.15 1.40 1.80
141  9 13 2.47 0.95 2.00 1.36 1.58
142  9 14 2.42 0.90 2.00 1.29 1.47
143  9 15 2.74 0.95 2.00 1.29 1.63
144  9 16 2.53 1.00 1.50 1.54 2.16
145 10  1 7.05 0.11 3.69 2.90 1.40
146 10  2 7.71 0.11 1.92 2.95 1.40
147 10  3 4.62 0.00 2.15 3.35 3.13
148 10  4 3.62 0.37 1.15 1.70 4.47
149 10  5 3.57 0.37 1.54 1.70 2.93
150 10  6 6.10 0.00 2.00 2.95 3.80
151 10  7 2.05 0.00 2.54 1.70 3.73
152 10  8 2.14 0.42 1.38 1.10 2.80
153 10  9 7.57 0.11 3.15 2.65 1.93
154 10 10 7.14 0.05 8.46 2.70 2.07
155 10 11 1.57 0.00 2.31 1.05 2.80
156 10 12 7.90 0.16 3.15 2.80 1.47
157 10 13 7.68 0.05 1.50 3.71 2.74
158 10 14 8.37 0.05 1.50 2.11 2.00
159 10 15 7.74 0.05 1.50 3.32 1.74
160 10 16 5.21 0.21 1.50 2.50 2.26
161 11  1 5.86 0.00 2.62 4.90 2.67
162 11  2 2.33 0.00 3.23 1.85 2.53
163 11  3 4.24 0.00 1.77 4.45 5.20
164 11  4 3.57 0.00 6.31 2.80 2.40
165 11  5 5.48 0.16 3.08 3.00 1.33
166 11  6 4.05 0.05 5.23 2.35 2.20
167 11  7 5.24 0.00 1.85 3.90 2.33
168 11  8 3.95 0.16 2.38 4.55 4.00
169 11  9 5.19 0.05 6.46 3.65 2.60
170 11 10 4.90 0.05 2.23 3.30 2.87
171 11 11 7.14 0.05 7.31 4.25 1.60
172 11 12 6.14 0.05 7.46 5.55 2.27
173 11 13 2.95 0.10 1.50 2.32 1.74
174 11 14 5.16 0.05 1.50 2.57 2.00
175 11 15 1.79 0.00 2.00 1.96 2.95
176 11 16 4.53 0.05 1.50 2.71 1.68
177 12  1 1.19 0.00 1.62 3.10 6.07
178 12  2 1.38 0.00 1.38 3.75 5.60
179 12  3 2.24 0.05 4.00 5.00 3.87
180 12  4 1.95 0.00 1.46 4.95 7.13
181 12  5 1.14 0.00 1.46 3.40 5.67
182 12  6 2.10 0.05 2.54 2.70 3.67
183 12  7 1.38 0.00 1.38 3.80 6.27
184 12  8 1.05 0.00 2.69 3.85 5.87
185 12  9 1.33 0.00 1.46 3.25 7.47
186 12 10 2.57 0.00 2.31 3.85 4.27
187 12 11 1.76 0.00 2.85 3.75 4.47
188 12 12 2.14 0.00 1.54 4.85 6.33
189 12 13 1.63 0.00 1.50 3.00 5.32
190 12 14 1.95 0.16 1.50 2.89 4.05
191 12 15 1.84 0.00 1.50 2.79 4.26
192 12 16 1.79 0.05 1.50 3.39 5.32
193 13  1 4.10 0.00 6.31 2.10 3.20
194 13  2 4.33 0.05 6.23 3.35 2.73
195 13  3 3.86 0.00 4.46 2.40 2.47
196 13  4 3.71 0.00 3.00 3.10 2.47
197 13  5 4.95 0.05 7.54 2.45 2.33
198 13  6 3.10 0.05 2.46 1.75 2.47
199 13  7 3.00 0.00 6.62 2.60 2.80
200 13  8 3.43 0.00 6.54 3.70 2.60
201 13  9 3.81 0.00 3.92 2.40 2.67
202 13 10 4.52 0.05 2.31 2.85 1.87
203 13 11 3.19 0.00 2.85 2.25 1.93
204 13 12 4.00 0.00 4.54 3.00 3.27
205 13 13 3.05 0.00 3.50 3.36 1.74
206 13 14 3.21 0.00 1.50 4.00 1.26
207 13 15 2.16 0.05 2.00 2.57 1.90
208 13 16 3.21 0.05 3.50 3.07 1.68
209 14  1 1.67 0.00 2.38 2.15 4.40
210 14  2 2.33 0.05 5.00 1.25 2.33
211 14  3 1.05 0.00 2.31 1.90 3.53
212 14  4 2.52 0.05 4.38 1.35 2.73
213 14  5 1.33 0.00 2.54 1.90 4.20
214 14  6 2.48 0.00 2.54 1.70 4.40
215 14  7 2.29 0.16 7.00 2.15 4.00
216 14  8 3.62 0.00 3.77 1.85 3.00
217 14  9 2.95 0.00 5.08 1.75 2.33
218 14 10 2.38 0.00 4.62 1.15 2.53
219 14 11 4.62 0.00 4.00 2.00 2.07
220 14 12 1.71 0.00 1.77 2.00 4.20
221 14 13 2.53 0.00 3.50 2.75 3.00
222 14 14 2.16 0.00 2.00 1.25 3.16
223 14 15 1.79 0.00 2.00 1.29 1.63
224 14 16 3.16 0.00 2.00 2.46 2.95
225 15  1 3.86 0.16 6.46 3.70 2.07
226 15  2 1.29 0.00 1.23 2.35 3.47
227 15  3 1.57 0.00 1.62 1.10 2.07
228 15  4 3.29 0.00 1.69 2.80 2.60
229 15  5 2.38 0.00 2.15 3.45 2.40
230 15  6 2.57 0.00 2.54 2.80 3.13
231 15  7 5.05 0.00 2.08 2.30 2.40
232 15  8 2.86 0.05 1.38 3.35 2.33
233 15  9 3.14 0.00 2.38 3.60 2.60
234 15 10 3.33 0.05 2.62 3.70 2.53
235 15 11 4.81 0.00 3.46 3.75 2.87
236 15 12 3.29 0.05 1.92 4.35 2.80
237 15 13 2.26 0.00 1.50 2.89 2.37
238 15 14 1.63 0.00 2.00 2.00 1.79
239 15 15 2.90 0.00 1.50 4.39 2.21
240 15 16 2.63 0.00 4.00 2.46 2.90
241 16  1 3.24 0.00 4.08 2.20 3.27
242 16  2 3.71 0.00 4.54 1.75 1.73
243 16  3 2.81 0.00 2.23 1.75 3.60
244 16  4 2.71 0.00 2.08 2.35 3.00
245 16  5 2.86 0.05 3.92 2.00 3.27
246 16  6 3.48 0.05 3.38 3.40 3.07
247 16  7 3.95 0.00 4.08 3.50 3.93
248 16  8 4.19 0.05 7.00 2.60 2.53
249 16  9 5.33 0.00 6.69 3.35 2.27
250 16 10 4.62 0.00 5.00 2.15 1.93
251 16 11 3.05 0.00 1.69 2.90 2.60
252 16 12 2.67 0.00 2.23 1.70 3.60
253 16 13 6.53 0.10 2.50 5.00 1.63
254 16 14 3.79 0.00 1.50 3.82 2.00
255 16 15 3.32 0.00 2.50 3.32 3.05
256 16 16 3.74 0.00 5.00 3.54 3.32
257 17  1 6.86 0.00 3.77 4.35 3.13
258 17  2 2.38 0.00 3.77 1.75 3.47
259 17  3 2.24 0.00 6.62 2.05 4.07
260 17  4 4.43 0.00 6.62 2.50 3.40
261 17  5 1.57 0.00 5.54 1.25 3.07
262 17  6 1.48 0.00 6.23 1.80 4.60
263 17  7 2.71 0.00 8.31 1.65 2.60
264 17  8 2.14 0.00 7.00 2.75 4.87
265 17  9 2.24 0.00 8.54 2.10 4.40
266 17 10 2.71 0.05 4.69 1.45 3.53
267 17 11 3.86 0.00 3.92 2.80 2.40
268 17 12 2.10 0.00 3.23 2.60 3.47
269 17 13 1.90 0.05 4.00 2.04 2.63
270 17 14 1.79 0.00 6.00 2.61 3.68
271 17 15 1.79 0.00 3.00 1.93 2.37
272 17 16 2.90 0.05 5.00 2.18 1.84
273 18  1 4.05 0.05 3.85 2.10 2.47
274 18  2 1.90 0.00 3.62 1.65 3.20
275 18  3 5.29 0.00 8.69 2.55 1.60
276 18  4 3.95 0.00 5.62 2.55 2.13
277 18  5 2.62 0.00 3.15 2.00 2.40
278 18  6 3.43 0.00 3.38 2.65 3.00
279 18  7 1.52 0.00 5.92 1.55 3.60
280 18  8 2.76 0.00 3.31 1.85 2.13
281 18  9 4.76 0.00 3.85 2.35 2.40
282 18 10 3.62 0.00 3.77 3.00 2.53
283 18 11 3.86 0.05 1.23 1.50 2.60
284 18 12 2.29 0.00 2.08 1.30 1.93
285 18 13 4.79 0.05 1.50 1.61 2.16
286 18 14 3.37 0.05 1.50 1.46 3.95
287 18 15 4.68 0.00 1.50 2.39 1.63
288 18 16 4.37 0.00 1.50 1.86 1.68
289 19  1 2.57 0.05 4.54 1.70 2.33
290 19  2 3.95 0.11 4.92 3.20 2.33
291 19  3 4.76 0.05 7.46 4.10 2.13
292 19  4 4.71 0.05 3.38 3.45 2.60
293 19  5 2.33 0.00 5.15 3.05 4.00
294 19  6 5.95 0.11 2.85 3.95 2.93
295 19  7 4.24 0.11 7.77 3.40 2.53
296 19  8 5.90 0.00 4.77 5.30 2.53
297 19  9 5.52 0.05 4.85 3.40 2.40
298 19 10 4.19 0.00 5.15 3.20 1.93
299 19 11 6.86 0.00 6.23 5.15 1.93
300 19 12 5.90 0.05 5.69 4.30 1.87
301 19 13 3.21 0.10 2.00 2.75 2.16
302 19 14 1.74 0.00 1.50 2.64 2.90
303 19 15 2.74 0.00 3.50 2.54 2.58
304 19 16 2.74 0.00 3.00 2.89 2.63
305 20  1 2.29 0.00 8.85 1.65 3.13
306 20  2 1.43 0.00 2.38 1.80 4.73
307 20  3 1.62 0.00 3.69 1.05 3.40
308 20  4 1.43 0.00 3.77 1.05 3.13
309 20  5 1.67 0.00 1.31 1.20 3.20
310 20  6 1.62 0.00 2.77 1.40 3.53
311 20  7 1.43 0.00 1.23 1.15 2.93
312 20  8 1.48 0.00 1.23 1.10 4.20
313 20  9 1.90 0.00 3.69 2.35 3.40
314 20 10 1.62 0.00 2.00 1.35 3.67
315 20 11 1.62 0.00 5.31 1.25 5.73
316 20 12 1.38 0.00 3.38 1.35 3.33
317 20 13 1.68 0.00 3.50 1.21 2.42
318 20 14 1.63 0.00 2.50 1.43 3.05
319 20 15 1.53 0.00 2.00 1.21 2.68
320 20 16 1.42 0.00 1.50 1.21 3.00
321 21  1 2.57 0.05 2.69 2.70 4.07
322 21  2 1.71 0.00 1.31 4.05 6.87
323 21  3 1.90 0.00 1.62 2.60 3.73
324 21  4 2.52 0.00 4.69 3.30 4.47
325 21  5 2.48 0.00 2.15 2.35 3.40
326 21  6 1.90 0.11 1.85 2.00 3.67
327 21  7 1.90 0.00 4.08 2.05 4.13
328 21  8 1.71 0.00 1.00 2.75 4.60
329 21  9 1.00 0.00 1.46 2.80 8.33
330 21 10 1.52 0.00 1.31 2.90 4.47
331 21 11 1.05 0.00 1.69 2.95 5.27
332 21 12 2.86 0.00 4.38 2.40 3.47
333 21 13 1.26 0.00 1.50 2.07 2.37
334 21 14 1.16 0.05 1.50 2.18 4.16
335 21 15 1.42 0.00 1.50 1.96 3.16
336 21 16 1.79 0.00 1.50 2.36 3.90
337 22  1 5.90 0.11 7.00 4.70 3.13
338 22  2 7.81 0.00 4.85 5.40 2.07
339 22  3 7.33 0.05 6.85 3.75 2.40
340 22  4 6.19 0.00 2.23 3.15 2.73
341 22  5 7.14 0.00 6.62 6.60 1.93
342 22  6 6.19 0.00 1.92 4.55 2.00
343 22  7 8.33 0.00 1.77 5.00 1.27
344 22  8 7.81 0.00 2.00 6.55 2.53
345 22  9 4.67 0.00 1.46 4.95 4.20
346 22 10 7.95 0.00 1.85 4.40 1.60
347 22 11 8.24 0.00 3.08 5.45 1.80
348 22 12 7.90 0.11 5.46 4.60 1.40
349 22 13 7.68 0.10 2.50 4.57 2.16
350 22 14 6.95 0.26 4.00 4.50 1.95
351 22 15 7.53 0.00 1.50 3.46 2.10
352 22 16 4.26 0.00 3.00 2.54 1.95
353 23  1 2.62 0.00 3.15 3.50 6.07
354 23  2 1.48 0.00 2.31 1.70 4.47
355 23  3 1.95 0.00 2.85 2.65 6.40
356 23  4 1.81 0.00 3.85 1.40 3.73
357 23  5 2.05 0.00 3.85 1.50 5.60
358 23  6 2.43 0.00 2.15 1.90 5.27
359 23  7 1.71 0.00 1.77 1.35 3.40
360 23  8 2.14 0.00 1.46 4.00 7.67
361 23  9 2.00 0.00 1.92 3.45 6.07
362 23 10 2.33 0.05 1.92 2.75 8.13
363 23 11 3.33 0.05 1.85 5.85 7.73
364 23 12 2.05 0.00 3.69 1.85 5.53
365 23 13 1.37 0.00 1.50 1.68 5.26
366 23 14 1.74 0.00 3.50 2.50 5.84
367 23 15 2.26 0.05 1.50 1.82 2.26
368 23 16 3.42 0.00 2.50 4.82 4.84
369 24  1 6.62 0.05 3.69 4.20 1.60
370 24  2 8.29 0.00 5.31 4.55 1.87
371 24  3 8.00 0.05 4.62 4.00 1.93
372 24  4 7.48 0.00 5.54 6.05 1.33
373 24  5 8.00 0.00 6.85 6.70 1.93
374 24  6 5.81 0.11 3.31 2.70 1.93
375 24  7 7.43 0.05 7.38 2.60 1.20
376 24  8 7.67 0.05 7.38 3.95 1.60
377 24  9 7.86 0.00 4.69 3.35 1.80
378 24 10 7.76 0.00 6.92 3.20 2.53
379 24 11 8.33 0.00 3.15 4.10 1.80
380 24 12 2.43 0.00 5.00 1.95 2.60
381 24 13 7.84 0.05 2.00 5.39 1.32
382 24 14 5.47 0.21 1.50 2.00 1.63
383 24 15 8.05 0.10 1.50 4.18 1.58
384 24 16 5.74 0.10 4.50 2.64 1.37
385 25  1 2.10 0.11 5.15 1.10 2.53
386 25  2 3.71 0.00 1.46 3.35 2.87
387 25  3 3.10 0.00 3.92 2.35 4.33
388 25  4 2.52 0.32 1.62 1.35 2.67
389 25  5 2.19 0.00 6.69 1.55 4.73
390 25  6 1.62 0.00 1.69 2.65 3.27
391 25  7 1.57 0.05 6.38 1.15 2.93
392 25  8 2.33 0.68 8.08 1.25 2.00
393 25  9 3.29 0.00 7.00 1.60 2.47
394 25 10 2.38 0.05 6.46 1.40 2.67
395 25 11 4.71 0.79 3.69 2.35 1.67
396 25 12 1.33 0.00 2.92 1.25 2.40
397 25 13 2.16 0.00 1.50 1.29 2.47
398 25 14 1.95 0.00 6.50 1.25 1.84
399 25 15 1.58 0.00 5.00 1.29 3.05
400 25 16 1.90 0.21 5.00 1.21 1.68
401 26  1 2.57 0.00 4.69 1.95 2.67
402 26  2 1.81 0.05 1.85 1.30 2.00
403 26  3 2.19 0.00 2.00 1.80 3.13
404 26  4 1.48 0.00 8.15 2.00 5.93
405 26  5 2.48 0.00 3.69 2.15 5.13
406 26  6 3.29 0.00 3.69 1.35 2.67
407 26  7 4.38 0.00 4.54 1.35 1.60
408 26  8 2.00 0.00 3.00 2.15 4.33
409 26  9 2.24 0.00 6.69 1.75 4.33
410 26 10 1.19 0.00 1.85 1.00 3.00
411 26 11 2.52 0.00 2.62 1.30 2.40
412 26 12 2.81 0.00 2.23 2.10 3.07
413 26 13 1.32 0.05 2.50 1.18 5.11
414 26 14 2.47 0.00 2.00 1.29 2.68
415 26 15 2.05 0.00 2.50 1.32 4.58
416 26 16 1.74 0.00 2.00 1.25 3.68
417 27  1 2.57 0.00 2.15 2.90 3.07
418 27  2 2.86 0.05 1.92 3.10 4.47
419 27  3 2.19 0.00 1.77 2.95 2.73
420 27  4 3.14 0.00 1.85 4.25 3.33
421 27  5 2.24 0.05 2.08 3.50 2.27
422 27  6 2.00 0.00 1.85 2.05 4.07
423 27  7 2.19 0.00 1.15 2.20 3.07
424 27  8 1.95 0.00 2.08 4.00 5.87
425 27  9 1.81 0.00 1.62 5.00 5.00
426 27 10 2.14 0.00 4.00 3.25 3.67
427 27 11 1.86 0.00 1.62 3.20 4.13
428 27 12 2.62 0.05 3.38 4.20 4.40
429 27 13 1.21 0.00 1.50 2.00 1.95
430 27 14 1.79 0.00 1.50 2.93 1.68
431 27 15 1.58 0.10 1.50 2.57 1.79
432 27 16 1.32 0.00 1.50 2.86 1.47
433 28  1 2.10 0.00 2.08 4.80 4.27
434 28  2 4.24 0.00 1.46 5.30 2.67
435 28  3 4.48 0.05 2.54 5.00 2.07
436 28  4 3.81 0.00 3.54 7.40 3.47
437 28  5 2.57 0.00 1.85 3.55 2.87
438 28  6 3.43 0.00 1.62 5.75 3.13
439 28  7 2.95 0.16 3.00 4.95 2.20
440 28  8 1.76 0.00 1.85 5.05 3.67
441 28  9 2.19 0.05 1.69 6.40 3.60
442 28 10 3.10 0.00 1.08 3.50 3.07
443 28 11 2.86 0.00 1.15 3.15 3.60
444 28 12 2.10 0.00 1.54 5.05 3.60
445 28 13 4.21 0.00 1.50 3.50 2.26
446 28 14 4.42 0.00 2.50 2.82 1.32
447 28 15 3.58 0.05 2.50 2.32 1.26
448 28 16 2.74 0.00 2.00 4.43 2.90
449 29  1 3.05 0.00 2.69 1.95 2.80
450 29  2 1.90 0.00 3.15 1.25 2.80
451 29  3 1.71 0.21 5.15 1.10 2.47
452 29  4 1.57 0.05 3.69 1.00 2.27
453 29  5 1.57 0.05 1.15 1.50 3.20
454 29  6 2.48 0.00 1.46 2.20 3.13
455 29  7 2.57 0.00 1.08 1.55 2.33
456 29  8 1.62 0.05 3.62 1.15 2.53
457 29  9 2.10 0.05 1.31 1.75 2.80
458 29 10 3.29 0.26 2.54 1.55 1.93
459 29 11 1.81 0.16 6.46 1.45 2.27
460 29 12 1.43 0.05 3.00 1.65 2.27
461 29 13 2.10 0.00 2.00 2.11 3.26
462 29 14 1.63 0.05 2.00 1.21 2.26
463 29 15 2.53 0.26 3.50 1.39 1.32
464 29 16 2.63 0.16 2.50 1.32 1.79
465 30  1 1.67 0.00 1.62 1.25 5.07
466 30  2 2.14 0.00 3.31 1.90 3.60
467 30  3 1.71 0.00 1.46 1.15 2.13
468 30  4 1.33 0.00 2.15 1.10 4.60
469 30  5 1.71 0.00 2.00 1.45 5.20
470 30  6 3.24 0.00 2.08 2.55 3.53
471 30  7 1.67 0.00 3.54 1.80 3.93
472 30  8 1.43 0.00 1.77 1.25 4.40
473 30  9 3.05 0.00 4.08 2.35 3.40
474 30 10 1.62 0.00 1.92 1.45 3.20
475 30 11 2.29 0.00 1.54 1.90 3.87
476 30 12 2.14 0.00 2.15 1.20 3.60
477 30 13 1.74 0.05 5.00 1.46 1.63
478 30 14 2.05 0.00 8.50 1.25 3.42
479 30 15 1.58 0.00 3.00 1.46 2.58
480 30 16 1.47 0.00 2.00 1.54 3.95
 501   1  17 6.72 0.12 2.60 2.28 2.40
 502   1  18 7.59 0.35 2.13 3.93 2.13
 503   2  17 2.24 0.00 2.77 1.14 3.33
 504   2  18 3.72 0.88 2.93 1.38 2.00
 505   3  17 4.97 0.00 3.73 2.52 2.83
 506   3  18 6.86 0.15 2.17 4.28 3.53
 507   4  17 6.03 0.19 4.53 3.07 2.20
 508   4  18 3.79 0.15 3.90 3.93 3.33
 509   5  17 6.86 0.12 2.23 4.24 2.77
 510   5  18 6.86 0.19 1.77 5.90 2.97
 511   6  17 4.41 0.00 4.57 4.90 8.37
 512   6  18 1.66 0.00 1.40 2.48 8.90
 513   7  17 3.55 0.08 8.07 7.59 5.47
 514   7  18 4.03 0.12 7.83 8.00 4.90
 515   8  17 6.38 0.12 8.63 6.76 2.37
 516   8  18 5.76 0.35 8.30 4.00 2.20
 517   9  17 3.21 1.00 1.33 1.31 2.00
 518   9  18 2.41 1.00 2.20 1.41 3.07
 519  10  17 7.72 0.19 1.87 2.93 1.83
 520  10  18 2.14 0.38 1.77 1.24 2.70
 601 11 17 4.05 0.05 5.23 2.35 2.20
 602 11 18 6.14 0.05 7.46 5.55 2.27
 603 12 17 1.19 0.00 1.62 3.10 6.07
 604 12 18 1.63 0.00 1.50 3.00 5.32
 605 13 17 4.52 0.05 2.31 2.85 1.87
 606 13 18 2.16 0.05 2.00 2.57 1.90
 607 14 17 2.33 0.05 5.00 1.25 2.33
 608 14 18 1.33 0.00 2.54 1.90 4.20
 609 15 17 3.86 0.16 6.46 3.70 2.07
 610 15 18 2.86 0.05 1.38 3.35 2.33
 611 16 17 3.32 0.00 2.50 3.32 3.05
 612 16 18 3.74 0.00 5.00 3.54 3.32
 613 17 17 2.71 0.00 8.31 1.65 2.60
 614 17 18 2.71 0.05 4.69 1.45 3.53
 615 18 17 3.86 0.05 1.23 1.50 2.60
 616 18 18 4.79 0.05 1.50 1.61 2.16
 617 19 17 2.57 0.05 4.54 1.70 2.33
 618 19 18 3.21 0.10 2.00 2.75 2.16
 619 20 17 1.62 0.00 2.77 1.40 3.53
 620 20 18 1.62 0.00 5.31 1.25 5.73
 701 21 17 1.71 0.00 1.31 4.05 6.87
 702 21 18 1.90 0.11 1.85 2.00 3.67
 703 22 17 7.81 0.00 2.00 6.55 2.53
 704 22 18 7.68 0.10 2.50 4.57 2.16
 705 23 17 1.81 0.00 3.85 1.40 3.73
 706 23 18 2.26 0.05 1.50 1.82 2.26
 707 24 17 7.67 0.05 7.38 3.95 1.60
 708 24 18 2.43 0.00 5.00 1.95 2.60
 709 25 17 2.10 0.11 5.15 1.10 2.53
 710 25 18 1.33 0.00 2.92 1.25 2.40
 711 26 17 1.81 0.05 1.85 1.30 2.00
 712 26 18 2.00 0.00 3.00 2.15 4.33
 713 27 17 2.19 0.00 1.77 2.95 2.73
 714 27 18 1.81 0.00 1.62 5.00 5.00
 715 28 17 4.42 0.00 2.50 2.82 1.32
 716 28 18 3.58 0.05 2.50 2.32 1.26
 717 29 17 2.48 0.00 1.46 2.20 3.13
 718 29 18 2.53 0.26 3.50 1.39 1.32
 719 30 17 2.14 0.00 3.31 1.90 3.60
 720 30 18 1.71 0.00 2.00 1.45 5.20